%!PS-Adobe-3.0 EPSF-3.0
%%BoundingBox: -1 -2 160 50 
%%HiResBoundingBox: -0.25 -1.19069 159.65186 49.95824 
%%Creator: MetaPost 2.11
%%CreationDate: 2026.03.13:0703
%%Pages: 1
%%DocumentResources: procset mpost-minimal
%%DocumentSuppliedResources: procset mpost-minimal
%%EndComments
%%BeginProlog
%%BeginResource: procset mpost-minimal
/bd{bind def}bind def/fshow {exch findfont exch scalefont setfont show}bd
/fcp{findfont dup length dict begin{1 index/FID ne{def}{pop pop}ifelse}forall}bd
/fmc{FontMatrix dup length array copy dup dup}bd/fmd{/FontMatrix exch def}bd
/Amul{4 -1 roll exch mul 1000 div}bd/ExtendFont{fmc 0 get Amul 0 exch put fmd}bd
/ScaleFont{dup fmc 0 get Amul 0 exch put dup dup 3 get Amul 3 exch put fmd}bd
/SlantFont{fmc 2 get dup 0 eq{pop 1}if Amul FontMatrix 0 get mul 2 exch put fmd}bd
%%EndResource
%%EndProlog
%%BeginSetup
%%EndSetup
%%Page: 1 1
 0 0 0 setrgbcolor 0 0.5 dtransform truncate idtransform setlinewidth pop
 [] 0 setdash 1 setlinecap 1 setlinejoin 10 setmiterlimit
newpath 0 7.9701 moveto
159.40186 7.9701 lineto stroke
newpath 155.70535 6.43892 moveto
159.40186 7.9701 lineto
155.70535 9.50127 lineto
 closepath
gsave fill grestore stroke
newpath 3.98505 8.8686 moveto
4.30748 8.971 4.64307 9.02608 4.98131 9.03214 curveto
5.3173 9.03815 5.65222 8.99576 5.97757 8.91167 curveto
6.32253 8.82251 6.65327 8.68748 6.97383 8.53217 curveto
7.3143 8.36719 7.64304 8.17953 7.9701 7.98941 curveto
8.29994 7.79765 8.62837 7.60321 8.96635 7.42613 curveto
9.28749 7.25787 9.61731 7.10535 9.96262 6.9946 curveto
10.28548 6.89105 10.61986 6.82483 10.95888 6.81573 curveto
11.29558 6.8067 11.63097 6.85422 11.95514 6.94548 curveto
12.30211 7.04317 12.63257 7.18977 12.9514 7.35771 curveto
13.29324 7.53777 13.62144 7.74208 13.94766 7.94902 curveto
14.27728 8.15811 14.60524 8.37012 14.94392 8.56424 curveto
15.26346 8.74739 15.59268 8.91464 15.94019 9.03699 curveto
16.26137 9.15007 16.596 9.2238 16.93645 9.23433 curveto
17.27397 9.24477 17.60992 9.19281 17.93271 9.09381 curveto
18.28242 8.98654 18.61235 8.8256 18.92897 8.64267 curveto
19.27238 8.44424 19.59999 8.2202 19.92523 7.99327 curveto
20.25465 7.76341 20.58203 7.53036 20.9215 7.31557 curveto
21.23909 7.1146 21.56752 6.92955 21.91776 6.7929 curveto
22.23679 6.66841 22.57166 6.58525 22.91402 6.57286 curveto
23.2526 6.56061 23.58928 6.61797 23.91028 6.72604 curveto
24.26357 6.845 24.59268 7.02333 24.90654 7.22418 curveto
25.25189 7.44518 25.57878 7.69319 25.9028 7.94435 curveto
26.23206 8.19957 26.55876 8.45834 26.89906 8.69867 curveto
27.21432 8.92131 27.54164 9.12823 27.89532 9.28304 curveto
28.2115 9.42142 28.5466 9.51672 28.89159 9.5316 curveto
29.2315 9.54625 29.56915 9.48222 29.88785 9.36333 curveto
30.24586 9.22977 30.57375 9.02985 30.88411 8.80727 curveto
31.23184 8.55789 31.55788 8.28021 31.88037 7.99905 curveto
32.20953 7.71208 32.53543 7.42114 32.87663 7.14856 curveto
33.18906 6.89896 33.51486 6.66449 33.8729 6.48602 curveto
34.18529 6.3303 34.52039 6.21883 34.86916 6.20055 curveto
35.21089 6.18263 35.54977 6.25514 35.86542 6.38702 curveto
36.22989 6.53929 36.55583 6.76663 36.86168 7.01619 curveto
37.2123 7.30228 37.53734 7.6177 37.85794 7.937 curveto
38.18716 8.26488 38.51213 8.59724 38.8542 8.91174 curveto
39.16327 9.19592 39.48703 9.46596 39.85046 9.67659 curveto
40.1576 9.85458 40.49223 9.98846 40.84673 10.01164 curveto
41.1909 10.03413 41.53142 9.95058 41.84299 9.8029 curveto
42.21655 9.62584 42.53934 9.36258 42.83925 9.07854 curveto
43.19331 8.74321 43.51732 8.37814 43.83551 8.0087 curveto
44.16513 7.62599 44.48894 7.23811 44.83177 6.86717 curveto
45.13707 6.53685 45.45831 6.21931 45.82803 5.96275 curveto
46.12764 5.75485 46.46059 5.58823 46.8243 5.55772 curveto
47.17184 5.52858 47.51456 5.62686 47.82056 5.79399 curveto
48.20752 6.00534 48.52492 6.31749 48.81682 6.64734 curveto
49.17477 7.05183 49.49799 7.48515 49.81308 7.92377 curveto
50.14368 8.38396 50.46568 8.85042 50.80934 9.30095 curveto
51.11104 9.69646 51.43019 10.0804 51.8056 10.40707 curveto
52.09386 10.6579 52.42188 10.87567 52.80186 10.9179 curveto
53.15398 10.95702 53.49968 10.83885 53.79813 10.64774 curveto
54.20615 10.38644 54.51375 10.00407 54.79439 9.6099 curveto
55.15604 9.10191 55.47984 8.5685 55.79065 8.02798 curveto
56.12317 7.44972 56.44106 6.86298 56.78691 6.29256 curveto
57.08755 5.7967 57.4095 5.31308 57.78317 4.86949 curveto
58.05255 4.54971 58.36656 4.244 58.77943 4.1814 curveto
59.13716 4.12715 59.48712 4.27077 59.7757 4.4905 curveto
60.22078 4.82938 60.50868 5.32089 60.77196 5.81337 curveto
61.13449 6.49153 61.46414 7.18665 61.76822 7.89294 curveto
62.10417 8.67323 62.40886 9.46696 62.76448 10.23854 curveto
63.07536 10.91301 63.4244 11.56891 63.76074 12.231 curveto
63.99174 12.68575 64.26251 13.16725 64.757 13.2709 curveto
65.118 13.34659 65.47432 13.1826 65.75327 12.93741 curveto
66.28271 12.47203 66.52136 11.78491 66.74953 11.11967 curveto
67.09492 10.11266 67.45042 9.1086 67.74579 8.08571 curveto
68.09286 6.88377 68.35617 5.65825 68.74205 4.46805 curveto
69.09775 3.37091 69.55783 2.30148 69.73831 1.16112 curveto
69.86742 0.34535 69.97754 -0.5812 70.73457 -0.85155 curveto
71.06697 -0.97025 71.43167 -0.89668 71.73083 -0.70724 curveto
72.63005 -0.13783 72.66309 1.05699 72.7271 2.13367 curveto
72.83995 4.03224 73.35548 5.87498 73.72336 7.7395 curveto
74.238 10.34799 74.46342 13.00098 74.71962 15.64676 curveto
75.01888 18.7373 75.36095 21.82347 75.71588 24.9081 curveto
76.07355 28.01642 76.44432 31.12369 76.71214 34.24112 curveto
76.94278 36.92575 77.09853 39.62659 77.7084 42.25267 curveto
78.12761 44.05775 78.76117 45.83896 78.70467 47.6955 curveto
78.67485 48.67494 78.87498 49.72581 79.70093 49.70801 curveto
80.44412 49.69197 80.65894 48.78423 80.69719 47.94167 curveto
80.77802 46.16174 81.31815 44.44708 81.69345 42.70737 curveto
82.25218 40.11739 82.44514 37.46875 82.68971 34.83148 curveto
82.97723 31.73093 83.33742 28.63777 83.68597 25.54352 curveto
84.03528 22.44257 84.37292 19.3403 84.68224 16.2351 curveto
84.94975 13.54955 85.19646 10.85913 85.6785 8.20326 curveto
86.02783 6.27853 86.50055 4.37296 86.67476 2.4238 curveto
86.77364 1.31754 86.83154 0.11913 87.67102 -0.60522 curveto
87.9511 -0.8469 88.31012 -1.00232 88.66728 -0.91713 curveto
89.41931 -0.73778 89.5458 0.17444 89.66354 0.97598 curveto
89.82886 2.10138 90.30019 3.14938 90.6598 4.22697 curveto
91.05687 5.41678 91.31804 6.64616 91.65607 7.85384 curveto
91.94838 8.89815 92.29784 9.92517 92.65233 10.94998 curveto
92.89012 11.6374 93.1401 12.33917 93.64859 12.8615 curveto
93.91759 13.1378 94.26703 13.35088 94.64485 13.29451 curveto
95.12587 13.22275 95.40755 12.76923 95.64111 12.33594 curveto
95.98705 11.69423 96.33054 11.05086 96.63737 10.38951 curveto
96.99448 9.61983 97.3009 8.828 97.63364 8.04753 curveto
97.93933 7.33046 98.26726 6.62291 98.6299 5.93288 curveto
98.89679 5.42503 99.18797 4.92024 99.62616 4.54855 curveto
99.909 4.30862 100.25441 4.1328 100.62242 4.16936 curveto
101.02716 4.20955 101.34708 4.49298 101.61868 4.79674 curveto
101.9988 5.22185 102.31749 5.69643 102.61494 6.18274 curveto
102.9621 6.75032 103.28091 7.33453 103.6112 7.91205 curveto
103.92406 8.45908 104.24744 9.00047 104.60747 9.51773 curveto
104.88986 9.92345 105.19823 10.3173 105.60373 10.60103 curveto
105.89838 10.80717 106.24129 10.94858 106.59999 10.92517 curveto
106.97472 10.90071 107.30617 10.7009 107.59625 10.46263 curveto
107.97522 10.15137 108.29298 9.77519 108.59251 9.38722 curveto
108.93773 8.94006 109.26009 8.47594 109.58878 8.01653 curveto
109.90572 7.57353 110.22885 7.13449 110.58504 6.72232 curveto
110.87796 6.38335 111.19528 6.06119 111.5813 5.83298 curveto
111.88455 5.6537 112.2255 5.53741 112.57756 5.55284 curveto
112.9376 5.56863 113.27267 5.72037 113.57382 5.91785 curveto
113.9455 6.16158 114.26628 6.47206 114.57008 6.79613 curveto
114.91449 7.16351 115.23839 7.54932 115.56635 7.93141 curveto
115.88612 8.30399 116.21013 8.67345 116.5626 9.01534 curveto
116.86319 9.30688 117.18564 9.57893 117.55887 9.76947 curveto
117.86832 9.92744 118.20769 10.02565 118.55513 10.01514 curveto
118.90692 10.0045 119.24295 9.88326 119.55139 9.71425 curveto
119.91594 9.5145 120.23964 9.25095 120.54765 8.97212 curveto
120.89114 8.66118 121.21614 8.33067 121.54391 8.00325 curveto
121.86586 7.68164 122.19092 7.36263 122.54018 7.07082 curveto
122.8465 6.81488 123.17204 6.57974 123.53644 6.41626 curveto
123.8504 6.27539 124.1885 6.19058 124.5327 6.19792 curveto
124.8794 6.20532 125.21547 6.30583 125.52896 6.4536 curveto
125.88765 6.62267 126.21358 6.85117 126.52522 7.09608 curveto
126.86768 7.36522 127.19357 7.65445 127.52148 7.94109 curveto
127.84514 8.22401 128.17117 8.50476 128.51775 8.75919 curveto
128.82845 8.98727 129.15594 9.19417 129.514 9.33734 curveto
129.83134 9.46423 130.16844 9.53888 130.51027 9.53365 curveto
130.8536 9.52838 131.18939 9.44273 131.50653 9.3115 curveto
131.86063 9.16496 132.18814 8.96356 132.50279 8.7451 curveto
132.8442 8.50807 133.1709 8.25087 133.49905 7.99588 curveto
133.82408 7.74333 134.15094 7.49266 134.49532 7.26714 curveto
134.80943 7.06143 135.1382 6.87679 135.49158 6.74942 curveto
135.81145 6.63412 136.14775 6.56744 136.48784 6.57123 curveto
136.82886 6.57503 137.16425 6.64957 137.4841 6.76755 curveto
137.8346 6.89684 138.16322 7.07674 138.48036 7.27394 curveto
138.82077 7.48561 139.14815 7.71721 139.47662 7.9469 curveto
139.80273 8.17493 140.1303 8.40135 140.47289 8.60387 curveto
140.78972 8.79115 141.11932 8.95784 141.46915 9.07257 curveto
141.79099 9.17813 142.12665 9.23842 142.46541 9.23566 curveto
142.80475 9.2329 143.13977 9.16695 143.46167 9.05984 curveto
143.80933 8.94417 144.13876 8.78166 144.45793 8.60194 curveto
144.79742 8.41078 145.1254 8.20016 145.4542 7.99118 curveto
145.78119 7.78334 146.10933 7.57689 146.45045 7.3931 curveto
146.76945 7.22124 147.09964 7.06937 147.44672 6.96495 curveto
147.7701 6.86768 148.10522 6.81262 148.44298 6.81462 curveto
148.78107 6.81662 149.11575 6.87575 149.43924 6.97379 curveto
149.78464 7.07846 150.11467 7.22655 150.4355 7.39166 curveto
150.77417 7.56596 151.1026 7.75914 151.43176 7.95076 curveto
151.75952 8.14156 152.08832 8.33098 152.42802 8.49963 curveto
152.74863 8.6588 153.0789 8.79938 153.42429 8.8937 curveto
153.74908 8.98242 154.08388 9.02925 154.42055 9.03308 curveto stroke
showpage
%%EOF
