%!PS-Adobe-3.0 EPSF-3.0
%%BoundingBox: -13 -1 235 72 
%%HiResBoundingBox: -12.45328 -0.24992 234.91927 71.98076 
%%Creator: MetaPost (upMetaPost) 2.11-0.04-u1.35
%%CreationDate: 2026.06.15:1545
%%Pages: 1
%%DocumentResources: procset mpost-minimal
%%DocumentSuppliedResources: procset mpost-minimal
%%EndComments
%%BeginProlog
%%BeginResource: procset mpost-minimal
/bd{bind def}bind def/fshow {exch findfont exch scalefont setfont show}bd
/fcp{findfont dup length dict begin{1 index/FID ne{def}{pop pop}ifelse}forall}bd
/fmc{FontMatrix dup length array copy dup dup}bd/fmd{/FontMatrix exch def}bd
/Amul{4 -1 roll exch mul 1000 div}bd/ExtendFont{fmc 0 get Amul 0 exch put fmd}bd
/ScaleFont{dup fmc 0 get Amul 0 exch put dup dup 3 get Amul 3 exch put fmd}bd
/SlantFont{fmc 2 get dup 0 eq{pop 1}if Amul FontMatrix 0 get mul 2 exch put fmd}bd
%%EndResource
%%EndProlog
%%BeginSetup
%%EndSetup
%%Page: 1 1
 0 0 0 setrgbcolor 0 0.5 dtransform truncate idtransform setlinewidth pop
 [] 0 setdash 1 setlinecap 1 setlinejoin 10 setmiterlimit
newpath 166.31543 22.08801 moveto
166.63608 21.36792 166.98172 20.65924 167.35173 19.96321 curveto
167.7218 19.26706 168.11601 18.58401 168.53378 17.9154 curveto
168.95149 17.24687 169.39249 16.59317 169.85591 15.95547 curveto
170.31943 15.31764 170.8051 14.6962 171.3119 14.0922 curveto
171.81854 13.4884 172.34601 12.9024 172.8935 12.33539 curveto
173.44116 11.76819 174.00853 11.22035 174.59448 10.69281 curveto
175.18031 10.16537 175.78436 9.65855 176.40555 9.17325 curveto
177.02682 8.68787 177.66486 8.22432 178.31845 7.78342 curveto
178.97195 7.34258 179.64064 6.92465 180.32335 6.53055 curveto
181.00607 6.13644 181.70242 5.76642 182.41095 5.42085 curveto
183.11955 5.07526 183.83992 4.75432 184.57089 4.45897 curveto
185.30173 4.16368 186.0427 3.89417 186.79236 3.6506 curveto
187.5421 3.40703 188.30008 3.18958 189.06499 2.99886 curveto
189.83 2.80812 190.60147 2.64423 191.37793 2.50731 curveto
192.15433 2.37039 192.93526 2.26051 193.71931 2.17807 curveto
194.5033 2.09564 195.28992 2.04068 196.07774 2.0132 curveto
196.86554 1.98572 197.65405 1.98572 198.44185 2.0132 curveto
199.22968 2.04068 200.0163 2.09564 200.80028 2.17807 curveto
201.58434 2.26051 202.36526 2.37039 203.14166 2.50731 curveto
203.91812 2.64423 204.68959 2.80812 205.4546 2.99886 curveto
206.21951 3.18958 206.9775 3.40703 207.72723 3.6506 curveto
208.4769 3.89417 209.21786 4.16368 209.9487 4.45897 curveto
210.67967 4.75432 211.40004 5.07524 212.10864 5.42085 curveto
212.81717 5.76642 213.51352 6.13644 214.19624 6.53055 curveto
214.87895 6.92465 215.54764 7.34258 216.20114 7.78342 curveto
216.85474 8.22432 217.49277 8.68787 218.11404 9.17325 curveto
218.73523 9.65855 219.33928 10.16537 219.92511 10.69281 curveto
220.51106 11.22035 221.07843 11.76819 221.6261 12.33539 curveto
222.17358 12.9024 222.70105 13.4884 223.20769 14.0922 curveto
223.7145 14.6962 224.20016 15.31764 224.66368 15.95547 curveto
225.12709 16.59319 225.5681 17.24687 225.98581 17.9154 curveto
226.40358 18.58401 226.7978 19.26706 227.16786 19.96321 curveto
227.53786 20.65924 227.88347 21.36794 228.20416 22.08801 curveto
228.52489 22.80815 228.82047 23.53922 229.09006 24.28001 curveto
229.35966 25.02087 229.6031 25.77101 229.82039 26.52887 curveto
230.03763 27.28662 230.2286 28.05165 230.39255 28.8227 curveto
230.5565 29.59381 230.6933 30.37044 230.80293 31.15114 curveto
230.91255 31.93176 230.99495 32.71597 231.04999 33.50233 curveto
231.10504 34.28883 231.13269 35.077 231.13269 35.86542 curveto
231.13269 36.65384 231.10504 37.442 231.04999 38.2285 curveto
230.99495 39.01486 230.91255 39.79907 230.80293 40.5797 curveto
230.6933 41.36038 230.5565 42.13702 230.39255 42.90814 curveto
230.2286 43.67918 230.03764 44.44421 229.82039 45.20197 curveto
229.6031 45.95982 229.35966 46.70996 229.09006 47.45082 curveto
228.82047 48.19162 228.52489 48.92268 228.20416 49.64282 curveto
227.88347 50.3629 227.53786 51.0716 227.16786 51.76762 curveto
226.79779 52.46378 226.40358 53.14682 225.98581 53.81543 curveto
225.5681 54.48396 225.1271 55.13766 224.66368 55.77536 curveto
224.20016 56.4132 223.7145 57.03464 223.20769 57.63864 curveto
222.70105 58.24243 222.17358 58.82843 221.6261 59.39545 curveto
221.07843 59.96265 220.51106 60.51048 219.92511 61.03802 curveto
219.33928 61.56546 218.73523 62.07228 218.11404 62.55759 curveto
217.49277 63.04297 216.85474 63.50652 216.20114 63.94742 curveto
215.54764 64.38826 214.87895 64.80618 214.19624 65.20029 curveto
213.51352 65.59439 212.81717 65.96442 212.10864 66.30998 curveto
211.40004 66.65558 210.67967 66.97652 209.9487 67.27187 curveto
209.21786 67.56715 208.4769 67.83667 207.72723 68.08023 curveto
206.9775 68.3238 206.21951 68.54126 205.4546 68.73198 curveto
204.68959 68.92271 203.91812 69.08661 203.14166 69.22353 curveto
202.36526 69.36044 201.58434 69.47032 200.80028 69.55276 curveto
200.0163 69.6352 199.22968 69.69016 198.44185 69.71764 curveto
197.65405 69.74512 196.86554 69.74512 196.07774 69.71764 curveto
195.28992 69.69016 194.5033 69.6352 193.71931 69.55276 curveto
192.93526 69.47032 192.15433 69.36044 191.37793 69.22353 curveto
190.60147 69.08661 189.83 68.92271 189.06499 68.73198 curveto
188.30008 68.54126 187.5421 68.3238 186.79236 68.08023 curveto
186.0427 67.83667 185.30173 67.56715 184.57089 67.27187 curveto
183.83992 66.97652 183.11955 66.6556 182.41095 66.30998 curveto
181.70242 65.96442 181.00607 65.59439 180.32335 65.20029 curveto
179.64064 64.80618 178.97195 64.38826 178.31845 63.94742 curveto
177.66486 63.50652 177.02682 63.04297 176.40555 62.55759 curveto
175.78436 62.07228 175.18031 61.56546 174.59448 61.03802 curveto
174.00853 60.51048 173.44116 59.96265 172.8935 59.39545 curveto
172.34601 58.82843 171.81854 58.24243 171.3119 57.63864 curveto
170.8051 57.03464 170.31943 56.4132 169.85591 55.77536 curveto
169.39249 55.13766 168.95149 54.48396 168.53378 53.81543 curveto
168.11601 53.14682 167.7218 52.46378 167.35173 51.76762 curveto
166.98174 51.0716 166.6361 50.36292 166.31543 49.64282 curveto stroke
newpath 164.49516 21.27757 moveto
164.83469 20.51514 165.20067 19.76476 165.59244 19.02779 curveto
165.98428 18.2907 166.40169 17.56747 166.84402 16.85953 curveto
167.28632 16.15167 167.75325 15.45952 168.24393 14.7843 curveto
168.73471 14.10895 169.24893 13.45094 169.78555 12.81142 curveto
170.32199 12.1721 170.8805 11.55164 171.46019 10.95128 curveto
172.04007 10.35072 172.64081 9.77066 173.26123 9.21208 curveto
173.88153 8.65363 174.52112 8.11697 175.17883 7.60312 curveto
175.83665 7.08919 176.51222 6.59837 177.20425 6.13153 curveto
177.89621 5.66476 178.60422 5.22224 179.32709 4.80496 curveto
180.04997 4.38768 180.78726 3.99588 181.53748 3.62999 curveto
182.28777 3.26405 183.05052 2.92426 183.8245 2.61154 curveto
184.59831 2.29889 185.38287 2.0135 186.17664 1.75562 curveto
186.97047 1.49771 187.77306 1.26746 188.58295 1.06552 curveto
189.39297 0.86356 190.20981 0.69005 191.03195 0.54507 curveto
191.85402 0.40012 192.68088 0.28377 193.51105 0.19647 curveto
194.34114 0.10919 195.17404 0.051 196.00821 0.0219 curveto
196.84235 -0.0072 197.67725 -0.0072 198.51138 0.0219 curveto
199.34555 0.051 200.17845 0.10919 201.00854 0.19647 curveto
201.83871 0.28377 202.66557 0.40012 203.48764 0.54507 curveto
204.30978 0.69005 205.12662 0.86356 205.93665 1.06552 curveto
206.74654 1.26746 207.54912 1.4977 208.34296 1.75562 curveto
209.13672 2.0135 209.92128 2.29889 210.6951 2.61154 curveto
211.46907 2.92426 212.23183 3.26405 212.98212 3.62999 curveto
213.73233 3.99588 214.46962 4.38768 215.1925 4.80496 curveto
215.91537 5.22224 216.62338 5.66476 217.31534 6.13153 curveto
218.00737 6.59836 218.68294 7.08919 219.34076 7.60312 curveto
219.99847 8.11697 220.63806 8.65363 221.25836 9.21208 curveto
221.87878 9.77066 222.47952 10.35072 223.0594 10.95128 curveto
223.6391 11.55164 224.1976 12.1721 224.73404 12.81142 curveto
225.27066 13.45094 225.78488 14.10895 226.27567 14.7843 curveto
226.76634 15.45952 227.23328 16.15167 227.67557 16.85953 curveto
228.11792 17.56747 228.53532 18.2907 228.92715 19.02779 curveto
229.31891 19.76476 229.68488 20.51515 230.02443 21.27757 curveto
230.36401 22.04007 230.67699 22.81415 230.96243 23.59853 curveto
231.2479 24.38297 231.50565 25.17722 231.73572 25.97966 curveto
231.96574 26.78198 232.16795 27.59203 232.34154 28.40842 curveto
232.51514 29.2249 232.65997 30.04723 232.77606 30.87384 curveto
232.89214 31.70038 232.97939 32.53072 233.03766 33.36333 curveto
233.09595 34.19609 233.12521 35.03062 233.12521 35.86542 curveto
233.12521 36.70021 233.09595 37.53474 233.03766 38.36751 curveto
232.97939 39.20012 232.89214 40.03046 232.77606 40.857 curveto
232.65997 41.68361 232.51514 42.50594 232.34154 43.32242 curveto
232.16795 44.13881 231.96574 44.94885 231.73572 45.75117 curveto
231.50566 46.55362 231.2479 47.34787 230.96243 48.13231 curveto
230.67699 48.91669 230.36401 49.69077 230.02443 50.45326 curveto
229.68488 51.21568 229.31891 51.96608 228.92715 52.70305 curveto
228.53532 53.44014 228.1179 54.16336 227.67557 54.8713 curveto
227.23328 55.57916 226.76634 56.27132 226.27567 56.94653 curveto
225.78488 57.62189 225.27066 58.27989 224.73404 58.91942 curveto
224.1976 59.55873 223.6391 60.1792 223.0594 60.77956 curveto
222.47952 61.38011 221.87878 61.96017 221.25836 62.51875 curveto
220.63806 63.07721 219.99847 63.61386 219.34076 64.12772 curveto
218.68294 64.64165 218.00737 65.13246 217.31534 65.5993 curveto
216.62338 66.06607 215.91537 66.50859 215.1925 66.92587 curveto
214.46962 67.34315 213.73233 67.73495 212.98212 68.10085 curveto
212.23183 68.46678 211.46907 68.80658 210.6951 69.1193 curveto
209.92128 69.43195 209.13672 69.71733 208.34296 69.97522 curveto
207.54912 70.23312 206.74654 70.46338 205.93665 70.66531 curveto
205.12662 70.86728 204.30978 71.04079 203.48764 71.18576 curveto
202.66557 71.33072 201.83871 71.44707 201.00854 71.53436 curveto
200.17845 71.62164 199.34555 71.67984 198.51138 71.70894 curveto
197.67725 71.73804 196.84235 71.73804 196.00821 71.70894 curveto
195.17404 71.67984 194.34114 71.62164 193.51105 71.53436 curveto
192.68088 71.44707 191.85402 71.33072 191.03195 71.18576 curveto
190.20981 71.04079 189.39297 70.86728 188.58295 70.66531 curveto
187.77306 70.46338 186.97047 70.23314 186.17664 69.97522 curveto
185.38287 69.71733 184.59831 69.43195 183.8245 69.1193 curveto
183.05052 68.80658 182.28777 68.46678 181.53748 68.10085 curveto
180.78726 67.73495 180.04997 67.34315 179.32709 66.92587 curveto
178.60422 66.50859 177.89621 66.06607 177.20425 65.5993 curveto
176.51222 65.13248 175.83665 64.64165 175.17883 64.12772 curveto
174.52112 63.61386 173.88153 63.07721 173.26123 62.51875 curveto
172.64081 61.96017 172.04007 61.38011 171.46019 60.77956 curveto
170.8805 60.1792 170.32199 59.55873 169.78555 58.91942 curveto
169.24893 58.27989 168.73471 57.62189 168.24393 56.94653 curveto
167.75325 56.27132 167.28632 55.57916 166.84402 54.8713 curveto
166.40169 54.16336 165.98428 53.44014 165.59244 52.70305 curveto
165.20067 51.96608 164.83469 51.2157 164.49516 50.45326 curveto stroke
newpath 169.78555 12.81142 moveto
161.51582 17.54144 156.41307 26.33853 156.41307 35.86542 curveto
156.41307 45.3923 161.51582 54.18939 169.78555 58.91942 curveto stroke
newpath 169.02238 59.5598 moveto
160.59709 54.64235 155.41681 45.62076 155.41681 35.86542 curveto
155.41681 26.11008 160.59709 17.08849 169.02238 12.17104 curveto stroke
 0.5 0 dtransform exch truncate exch idtransform pop setlinewidth
newpath 0 17.93271 moveto
0 53.79813 lineto stroke
 0 0.5 dtransform truncate idtransform setlinewidth pop
newpath -11.95514 41.84299 moveto
0 53.79813 lineto
11.95514 41.84299 lineto stroke
 0 0.7472 dtransform truncate idtransform setlinewidth pop
newpath 165.4053 21.6828 moveto
167.09927 26.2348 168.0981 31.01595 168.36821 35.86542 curveto
168.67595 41.3903 168.0346 46.92708 166.47208 52.23534 curveto stroke
newpath 165.4053 21.6828 moveto
162.825 25.967 161.43997 30.8644 161.39438 35.86542 curveto
161.34102 41.71768 163.11617 47.44058 166.47208 52.23534 curveto stroke
 1 0 0 setrgbcolor
newpath 0 17.93271 moveto
230.39255 42.90814 lineto stroke
newpath 0 17.93271 moveto
165.4053 21.6828 lineto
230.39255 42.90814 lineto stroke
newpath 0 17.93271 moveto
165.4053 50.04803 lineto
230.39255 42.90814 lineto stroke
 0 0 1 setrgbcolor
newpath 0 53.79813 moveto
230.39255 28.8227 lineto stroke
newpath 0 53.79813 moveto
165.4053 21.6828 lineto
230.39255 28.8227 lineto stroke
newpath 0 53.79813 moveto
165.4053 50.04803 lineto
230.39255 28.8227 lineto stroke
 0 0 0 setrgbcolor 0.99626
 0 dtransform exch truncate exch idtransform pop setlinewidth
newpath 0 17.93271 moveto
0 53.79813 lineto stroke
 0 0.99626 dtransform truncate idtransform setlinewidth pop
newpath -11.95514 41.84299 moveto
0 53.79813 lineto
11.95514 41.84299 lineto stroke
 0.99626 0 dtransform exch truncate exch idtransform pop setlinewidth
newpath 228.44356 29.23697 moveto
228.59776 29.96275 228.7266 30.69368 228.8298 31.42845 curveto
228.933 32.16316 229.01053 32.90123 229.06233 33.64134 curveto
229.11414 34.38156 229.14017 35.12338 229.14017 35.86542 curveto
229.14017 36.60745 229.11414 37.34927 229.06233 38.0895 curveto
229.01054 38.8296 228.93301 39.56767 228.8298 40.30238 curveto
228.7266 41.03716 228.59776 41.76808 228.44356 42.49387 curveto stroke
 0 0.99626 dtransform truncate idtransform setlinewidth pop
newpath 234.42113 35.21454 moveto
228.44356 29.23697 lineto
222.46599 35.21454 lineto stroke
showpage
%%EOF
